1

...δῦ-ψ

’ 1888118111111881518 bona 88888881111111111101111 9232
81 seq (1)· ·*

(1) 8818. 8118. Onne [888 [8888818818 domnine des ’8188888 [81888
sont pas dans 18 8888888888.
Am. 558. 888 8188881888, 888888 88 8888 818 8188888 de 18888,

’ 188 1188888 81 818188888881888188 88 11818881881888188888, 1818 88 “

881818 118 18 mes, 188 ports, 188 818888, 188 881188, 88 [888881881881
1888188 les [18881888 du 1888118188 18888818 [1818888888ρ8888888818188 “

J. d’une [88[81888 [81888888188881118888 comme 8188 (1888188888 du
ἵ demaine [118118.

188559. 1888188 biens 88888818 88 8888 88818888, 81 8881811188 A

¹ [88888888 qui 1188818888 sans 1888181818, 888 ’118888 188 88888881888 som

88888888888,8[[8811888888 888 (18888188 public,

1818. 519. 888 portes, murs, 188888 ,88888818 des [18888818 guerre
88 (18818818888888, 18888 aussi partie du 8188881888 public.

8818. 511. 1188 881 de· ,888888 1188, 18888188, des 18881811888 88
tempatis 8188818888 qui 88 8888 [188 places 818 guerre: 118 88888-
81888888 8 18888, 8118 8881888 8188188888 8118888, 8881 la [88-
[81888 8188 8[88 888. [88888188 8888188181. »

8188. 569. 888 1188118118, 881881888888888 qui 88 forment 118888 18

ἢ 118 (1881188888 8888188 81818188’8881[88188,-888 1818881888888811888888
’ 8111888, 8’118’[8[1888118888[1888881[81888 8888188188·

888.1191.1.8888881888188 continues 888 8[[8888888, 88 188 888
818881188 (118888818888 apparentes ou 8888 apparentes, 888 [8888888 88-
888118 8188888 1188818888. . .

La possession 888818888881818 888 suffit [88 [ο8818888881188

sans 8888811888 quon puisse 81188888 aujourd 1881 188 8888188888 118
88188 881888 11818 88881888 [88 18 possession, (1888 188 [888 888 81188
[88881881 8888888818 118 88188 8888881888.

1818. 1861. 888 1888888188 8181888, 888 (18818888 8118888188 [8818

contrat 118 mariage, sont impoesoeiptibles [881888188888888 8
moins ([88 18 [888881811888811 8888888888 8888888888. v 2 ·

118 88818888818888888188 prescrip& 118188. 8[8881888[88888881118 ’
8188888888 ([88 soit .’18[81[88 9 1888811818 [8888818888 88818-
88888. 2

Ι 1188. 1158188 [8888888188 888 88888 [88 8888888188 88188888 88 188

1888881118, 8881888881 est 81118 1881. 8178, 88 818888881881188 8118888
188 1888881888 [88 18 181. ,

 

