.. 61 .-
111111111 juxta 1111111 assignatum, 11911111 - 11,

11 certior evadat obligationum adimpletio, inventarium
11111111,600,11111]“111111111111111111, 601 1111. (1).

(1111.)611.1111111111111111111111111111111111 11111-
1111. ·

1111111111 1111111111 1111111111 111 1111111111 111111111111,
11111111111111 111111 111 111111111111 par 11 1111111 11 1111111111
1111111111, depuis 1111111111 11 11111111 auquel 111 11111111ιὶ111
11 111 1111111111.

111. 1111. 1111111ιί1111 111 1111, pendunt 11 1111111111, de 111111
1111111111111111111 11 1111111111, telles que 111 1111111111111
11111, qui 1111111131 sont 1111111 charges 111 111111.

111. 111. 1 111111 111 charges 1111111111111111111111 111 11
1111111111 pendant 11 11111 11 1111111111, 111111111111111 1111111
11111 y 1111111111 1111111111 suit:

’111111111111 111 1111111111 11111, 11 1111111111111111111

· 11111· compte des 11111111

Si elles 11111 11111111 11111111111111, 11 1 11 1111111111 1111111111
111111111111111111.

111. 1111111111111111, 11 1111111111, 11 11111 1111111111,1111
1111111111 1111 11 1111111111 11 1111111111 111 111111, 11111 1111
suit:

01 11111111 111111 11 1111111111 1111111111 111 1111111111
1111111111 111 111111 1111111 11 cette 111111. ’

111111111111111111111111 somme 1111111111 11 fonds 1111
1111111111, 1111111111111111 1111111111111111ᾛ11111111 sans κ
1111111111. , ’

Si 1111111111111 1111 pas 11111 11111 111111, 11 1111111111 1 11
11111111 1111111 11111 somme, 11, 1111111111,11ι111111111 11111111
compte 111 1111111111111 1111111 111111111111 1111111111
“ 1111111111 1111111111 une portion des 11111 soumis 1 1111111111.

’ . 1111611.1111111111ιί11111111111111111111111111111111οιιῐς

mais 11 1111111111 en jouissanee 11111111 avoir 1111 1111111,11
11111111 11 1111111111, 11 lui 1111111 1111111, 11 1111111111 111
meumes 11111111 111 1111111111 111111 1 1111111111. ·

1111. 101111111111111111 1111111 pas de 11111111, les 1111111111
1111111111111111111111111 1111111111

1111111111 comprises 11111111111111 sont 11111111 '·

 

