-306-

111 lingue, transigere, 11111111 pecuniam accipere,
- 11111111 percipere, 111111111111111,1111 pignus 111
hypothecas 1111111, 1111111111111111111 consilii,

111 11111111 11 de fureur, doit 1111 11111111, meme 1111111111 1111·
11111111 111 1111111111 1111111.

3 1111. 190. 1111 1111111111 1111111111 1 11111111111111111111111111
111 parent. 11 11111111 111111 111 1111111 deux 11111 1111111111
111111.

111. 191. 11111 1111111111111, si 111111111111111 1111 1111111111
111 1111111111 111111111111111,1111111111’1111 11111 1111111111
111111, 111, dms 111111111111111111111111 (11111111, pem 11111111
1111111111 contre un 11111111 qui 1’1 11 11111, 11111111, 1111111111
mnnuS.

111. 191111 1111111111 (1111111111 1111111111, 11 'tribunal
1111111111111111, 111111111111111111 11111111, 11111111 111 11

,1111111111 11111111 (1111111111 1111111, 11111111, 1111111111, 1111· 1

11111111111111111111111, ni en donner 1111111131, 1111111, 11 grever ἶ
11111111 11111111111111, 111111111111111 1111 1111111 111111 1111
1111111 111 11 ’111111 1111111111. -

111. 5111. 1111111111111111111 1111111111 1111111111 1111 111
effen, du 111111 jngemem. 111111111111111 1111111111111111 111
1111111111, 11 111111111111111 du 1111111, 111111111111111111.

1 ¹ 1111.11115.1111111111111111111111111111111 11111111 1111 11-

11111, 1111111111 de 11111111111111 11111111 1111111111 11111111
111 11111111 111111 111 faits.

' 1111. 501. 111111 11 ,11111 (111 11111111, 111 11111 111 hu' faits 11 3
11111111 1111 1111111111111111111111111111111111111111 ᾗ
,, 111111111111111111111 1111111111 11 1111111111 11111111 dms: 1

1111111111 11 111111 de 1111111111 11 111111111111111 1111111111
1111111111. ’ ι ’ - x r ·
1111. 11116. 11111111 111 1111111111111111111 11 semme 1111111111.
111. 5117.’111111111 1111111111 11111111 1111111 de 111 mari. 111
11111111111111 (11111111111111111 11 11111111 111 1111111111 de
111111111111111, 1111111111111111111 les 1111111111 de 11 part de
11 femme 111111111111111111 1111111111 de 11 11111111.- ,
1111. 598, 1111, 11111111111111111111, (1111111111111 11 (111-
611ῑῦ111, ne 1111 1111 (1111111111 11111111 (111 11111111 111-11111

 

